Latitude  = 35.6809591
Longitude = 139.7673068